[TEXTURES]
1	textures\tankright.png	255	255	255
2	textures\tankleft.png	255	255	255
4	textures\map2.png	0	0	0
5	textures\enemies.png	255	255	255
6	textures\jason.png	255	255	255
7	textures\item.png	255	255	255
12	textures\healthbar.jpg	255	255	255
13	textures\healthbar1.jpg	255	255	255
14	textures\healthbar2.jpg	255	255	255
15	textures\healthbar3.jpg	255	255	255
16	textures\healthbar4.jpg	255	255	255
17	textures\healthbar5.jpg	255	255	255
18	textures\healthbar6.jpg	255	255	255
19	textures\healthbar7.jpg	255	255	255
20	textures\healthbar8.jpg	255	255	255
[SPRITES]
#healthbar
1	0	0	8	48	12
2	0	0	8	48	13
3	0	0	8	48	14
4	0	0	8	48	15
5	0	0	8	48	16
6	0	0	8	48	17
7	0	0	8	48	18
8	0	0	8	48	19
9	0	0	8	48	20
#background
10001	0	1264	232	1608	4
#bullet
90000	114	200	136	206	7
90001	31	200	53	206	7
90002	117	20	123	42	2
#Sung 
20001	12	3	20	11	2
20002	390	3	398	11	1
20003	30	3	38	11	2
#banhxephai
30001	390	21	398	29	1
30002	399	21	407	29	1
30003	372	21	380	29	1
30004	381	21	389	29	1
#banhxetrai
40011	12	21	20	29	2
40012	3	21	11	29	2
40013	30	21	38	29	2
40014	21	21	29	29	2
#IdleWheel
40015	12	21	20	29	2
#bottomcircle
60015	39	21	47	29	2
#Tank
70001	39	3	55	11	2
70002	355	3	371	11	1
70003	73	3	89	19	2
70004	108	3	124	19	2
[ANIMATIONS]
#background
25	10001	100
#bullet
100	9000	100
101	9001	100
102	9002	100
#gun 
20	20001	100
24	20002	100
30	20003	100
#banhxephai
21	30001	100	30002	100	30003	100	30004	100
#banhxetrai
22	40011	100	40012	100	40013	100	40014	100
#banhxe idle
27	40015	100
#bottomcircle
23	60015	100
#tank
70	70001	100
71	70002	100
72	70003	100
73	70004	100
#healthbar
10	1	0
11	2	0
12	3	0
13	4	0
14	5	0
15	6	0
16	7	0
17	8	0
18	9	0
[ANIMATION_SETS]
#BG
4	25
#healthbar
20	10	11	12	13	14	15	16	17	18
#bullet
7	100	101	102
#tank
0	70	71	72	73
#banhxe
2	27	21	22
#sung
3	20	24	30
#btc
5	23
[OBJECTS]
#background
5	0	288	4
#tank
0	50	150	0
 #gun
4	185	375	3
#btc
6	0	435	5
#banhxe
3	0	485	2
# BRICK 
1	80	224	-1
1	88	224	-1
1	96	224	-1
1	104	224	-1
1	112	224	-1
1	120	224	-1
1	128	224	-1
1	136	224	-1
1	144	224	-1
1	152	224	-1
1	160	224	-1
1	168	224	-1
1	176	224	-1
1	184	224	-1
1	192	224	-1
1	200	224	-1
1	80	216	-1
1	88	216	-1
1	96	216	-1
1	104	216	-1
1	112	216	-1
1	120	216	-1
1	128	216	-1
1	136	216	-1
1	144	216	-1
1	152	216	-1
1	160	216	-1
1	168	216	-1
1	176	216	-1
1	184	216	-1
1	192	216	-1
1	200	216	-1
1	80	208	-1
1	88	208	-1
1	192	208	-1
1	200	208	-1
1	80	200	-1
1	88	200	-1
1	192	200	-1
1	200	200	-1
1	48	192	-1
1	56	192	-1
1	64	192	-1
1	72	192	-1
1	80	192	-1
1	88	192	-1
1	48	184	-1
1	56	184	-1
1	64	184	-1
1	72	184	-1
1	80	184	-1
1	88	184	-1
1	192	192	-1
1	200	192	-1
1	208	192	-1
1	216	192	-1
1	224	192	-1
1	232	192	-1
1	192	184	-1
1	200	184	-1
1	208	184	-1
1	216	184	-1
1	224	184	-1
1	232	184	-1
1	48	176	-1
1	48	168	-1
1	56	176	-1
1	56	168	-1
1	224	176	-1
1	224	168	-1
1	224	160	-1
1	224	152	-1
1	224	144	-1
1	224	136	-1
1	224	128	-1
1	224	120	-1
1	232	176	-1
1	232	168	-1
1	232	160	-1
1	232	152	-1
1	232	144	-1
1	232	136	-1
1	232	128	-1
1	232	120	-1
1	8	160	-1
1	16	160	-1
1	24	160	-1
1	32	160	-1
1	40	160	-1
1	48	160	-1
1	56	160	-1
1	8	152	-1
1	16	152	-1
1	24	152	-1
1	32	152	-1
1	40	152	-1
1	48	152	-1
1	56	152	-1
1	32	144	-1
1	40	144	-1
1	48	144	-1
1	56	144	-1
1	32	136	-1
1	32	128	-1
1	32	120	-1
1	40	136	-1
1	40	128	-1
1	40	120	-1
1	8	112	-1
1	16	112	-1
1	24	112	-1
1	32	112	-1
1	40	112	-1
1	48	112	-1
1	56	112	-1
1	64	112	-1
1	72	112	-1
1	80	112	-1
1	88	112	-1
1	8	104	-1
1	16	104	-1
1	24	104	-1
1	32	104	-1
1	40	104	-1
1	48	104	-1
1	56	104	-1
1	64	104	-1
1	72	104	-1
1	80	104	-1
1	88	104	-1
1	200	112	-1
1	208	112	-1
1	216	112	-1
1	224	112	-1
1	232	112	-1
1	200	104	-1
1	208	104	-1
1	216	104	-1
1	224	104	-1
1	232	104	-1
1	200	96	-1
1	208	96	-1
1	216	96	-1
1	224	96	-1
1	232	96	-1
1	200	88	-1
1	208	88	-1
1	216	88	-1
1	224	88	-1
1	232	88	-1
1	80	96	-1
1	88	96	-1
1	80	88	-1
1	88	88	-1
1	80	80	-1
1	88	80	-1
1	96	80	-1
1	104	80	-1
1	80	72	-1
1	88	72	-1
1	96	72	-1
1	104	72	-1
1	112	80	-1
1	112	72	-1
1	112	64	-1
1	112	56	-1
1	112	48	-1
1	112	40	-1
1	120	80	-1
1	120	72	-1
1	120	64	-1
1	120	56	-1
1	120	48	-1
1	120	40	-1
1	128	48	-1
1	136	48	-1
1	144	48	-1
1	152	48	-1
1	160	48	-1
1	168	48	-1
1	128	40	-1
1	136	40	-1
1	144	40	-1
1	152	40	-1
1	160	40	-1
1	168	40	-1
1	160	80	-1
1	160	72	-1
1	160	64	-1
1	160	56	-1
1	168	80	-1
1	168	72	-1
1	168	64	-1
1	168	56	-1
1	176	80	-1
1	184	80	-1
1	192	80	-1
1	200	80	-1
1	208	80	-1
1	216	80	-1
1	224	80	-1
1	232	80	-1
1	176	72	-1
1	184	72	-1
1	192	72	-1
1	200	72	-1
1	208	72	-1
1	216	72	-1
1	224	72	-1
1	232	72	-1
#bullet
14	0	0	7
#portal
15	190	100	300	224	116	4
#healbar
556	-100	-10	20