[TEXTURES]
1	textures\tankright.png	255	255	255
2	textures\tankleft.png	255	255	255
4	textures\map2.png	0	0	0
5	textures\enemies.png	255	255	255
6	textures\testjason.png	255	255	255
7	textures\item.png	255	255	255
8	textures\map3.png	255	255	255
9	textures\walldie.png	255	255	255
10	textures\map1.png	255	255	255
11	textures\items.png	255	255	255
[SPRITES]
#Wallenemy
10026	464	1424	480	1440	10
10027	51	306	67	322	9
10028	225	109	241	125	11
#Nocolli brick
2001	368	1728	384	1744	8
2002	368	1744	384	1760	8
2003	368	1760	384	1776	8
2004	368	1776	384	1792	8
2005	368	1792	384	1808	8
2006	368	1808	384	1824	8
2007	368	1824	384	1840	8
2008	368	1216	384	1232	8
2009	368	1232	384	1248	8
2010	368	1248	384	1264	8
2011	368	1264	384	1280	8
2012	368	1280	384	1296	8
2013	112	1728	128	1744	8
2014	112	1744	128	1760	8
2015	112	1760	128	1776	8
2016	112	1776	128	1792	8
2017	112	1792	128	1808	8
2018	112	1808	128	1824	8
2019	112	1824	128	1840	8
2020	384	1728	400	1744	8
2021	384	1744	400	1760	8
2022	384	1760	400	1776	8
2023	384	1776	400	1792	8
2024	384	1792	400	1808	8
2025	384	1808	400	1824	8
2026	384	1824	400	1840	8
2027	384	1216	400	1232	8
2028	384	1232	400	1248	8
2029	384	1248	400	1264	8
2030	384	1264	400	1280	8
2031	384	1280	400	1296	8
2032	128	1728	144	1744	8
2033	128	1744	144	1760	8
2034	128	1760	144	1776	8
2035	128	1776	144	1792	8
2036	128	1792	144	1808	8
2037	128	1808	144	1824	8
2038	128	1824	144	1840	8
2039	32	1728	48	1760	8
2040	144	1728	160	1760	8
2041	96	1600	112	1632	8
2042	96	1616	112	1648	8
2043	32	1472	48	1504	8
2044	32	1488	48	1520	8
2045	144	1504	160	1536	8
2046	144	1520	160	1552	8
2047	288	1728	304	1760	8
2048	400	1728	416	1760	8
2049	96	1216	112	1248	8
2050	96	1232	112	1264	8
2051	96	1248	112	1280	8
2052	96	1264	112	1296	8
2053	144	960	160	992	8
2054	144	976	160	1008	8
2055	144	992	160	1024	8
2056	144	1008	160	1040	8
2057	32	960	48	992	8
2058	80	704	96	736	8
2059	80	720	96	752	8
2060	80	736	96	768	8
2061	80	752	96	784	8
2062	32	704	48	736	8
2063	160	704	176	736	8
2064	160	720	176	752	8
2065	160	736	176	768	8
2066	160	752	176	784	8
2067	176	704	192	736	8
2068	96	448	112	480	8
2069	96	464	112	496	8
2070	96	480	112	512	8
2071	96	496	112	528	8
2072	112	448	128	480	8
2073	144	320	160	352	8
2074	144	336	160	368	8
2075	144	352	160	384	8
2076	144	368	160	400	8
2077	32	320	48	352	8
2078	96	192	112	224	8
55	112	192	128	224	8
2079	96	208	112	240	8
2080	96	224	112	256	8
2081	96	240	112	272	8
2082	48	1728	64	1760	8
2083	160	1728	176	1760	8
2084	112	1600	128	1632	8
2085	112	1616	128	1648	8
2086	48	1472	64	1504	8
2087	48	1488	64	1520	8
2088	304	1728	320	1760	8
2089	416	1728	432	1760	8
2090	112	1216	128	1248	8
2091	48	960	64	992	8
2092	48	704	64	736	8
2093	192	704	208	736	8
2094	128	448	144	480	8
2095	48	320	64	352	8
2096	64	1728	80	1760	8
2097	176	1728	192	1760	8
2098	128	1600	144	1632	8
2099	128	1616	144	1648	8
2100	64	1472	80	1504	8
2101	64	1488	80	1520	8
2102	320	1728	336	1760	8
2103	432	1728	448	1760	8
2104	128	1216	144	1248	8
2105	64	960	80	992	8
2106	64	704	80	736	8
2107	208	704	224	736	8
2108	144	448	160	480	8
2109	64	320	80	352	8
2110	80	1728	96	1760	8
2111	192	1728	208	1760	8
2112	144	1600	160	1632	8
2113	144	1616	160	1648	8
2114	80	1472	96	1504	8
2115	80	1488	96	1520	8
2116	336	1728	352	1760	8
2117	448	1728	464	1760	8
2118	144	1216	160	1248	8
2119	80	960	96	992	8
2120	160	448	176	480	8
2121	80	320	96	352	8
2122	96	1728	112	1760	8
2123	208	1728	224	1760	8
2124	160	1600	176	1632	8
2125	160	1616	176	1648	8
2126	96	1472	112	1504	8
2127	96	1488	112	1520	8
2128	352	1728	368	1760	8
2129	464	1728	480	1760	8
2130	160	1216	176	1248	8
2131	96	960	112	992	8
2132	176	448	192	480	8
2133	96	320	112	352	8
2134	176	1600	192	1632	8
2135	176	1616	192	1648	8
2136	112	1472	128	1504	8
2137	112	1488	128	1520	8
2138	176	1216	192	1248	8
2139	112	960	128	992	8
2140	192	448	208	480	8
2141	112	320	128	352	8
2142	192	1600	208	1632	8
2143	192	1616	208	1648	8
2144	128	1472	144	1504	8
2145	128	1488	144	1520	8
2146	192	1216	208	1248	8
2147	128	960	144	992	8
2148	208	448	224	480	8
2149	128	320	144	352	8
2150	208	1600	224	1632	8
2151	208	1616	224	1648	8
2152	144	1472	160	1504	8
2153	144	1488	160	1520	8
2154	208	1216	224	1248	8


#background
10001	0	0	496	2016	8
#Enemy11 (bullet)	
10002	214	1159	222	1167	7
#Enemy11	
8028	82	1150	100	1167	5
8029	100	1151	118	1167	5
8030	130	1151	148	1167	5
8031	150	1150	168	1167	5
#Enemy12
3000	82	296	100	313	5
3001	100	297	118	313	5
3002	130	296	148	312	5
3003	150	297	168	314	5
#Enemy13 
3004	44	217	62	233	5
3005	64	275	82	293	5
3006	84	277	102	293	5
3007	104	275	122	293	5
#Enemy14
3008	132	718	149	736	5
3009	150	718	167	736	5
#14item
3010	5	59	21	75	11
#bullet
9000	114	200	136	206	7
9001	31	200	53	206	7
9002	117	20	123	42	2
#Bullet2
9003	204	158	222	176	11
9004	254	158	272	176	11
9005	304	158	322	176	11
#BigJasonBack					
700	210	36	230	67	2
701	235	36	255	68	2
702	260	36	280	67	2
#BigJasonFront					
703	210	3	230	34	2
704	235	3	255	35	2
705	260	3	280	34	2
#BigJasonRight					
709	128	69	152	100	1
710	153	69	177	101	1
711	178	69	202	100	1
#BigJasonLeft					
706	208	67	232	100	2
707	233	69	257	101	2
708	258	69	282	100	2
#BigJasonDie					
712	82	112	106	141	6
713	110	114	133	141	6
714	137	116	161	141	6
715	165	125	189	141	6
[ANIMATIONS]
#NocolliBrick
3001	2001	100
3002	2002	100
3003	2003	100
3004	2004	100
3005	2005	100
3006	2006	100
3007	2007	100
3008	2008	100
3009	2009	100
3010	2010	100
3011	2011	100
3012	2012	100
3013	2013	100
3014	2014	100
3015	2015	100
3016	2016	100
3017	2017	100
3018	2018	100
3019	2019	100
3020	2020	100
3021	2021	100
3022	2022	100
3023	2023	100
3024	2024	100
3025	2025	100
3026	2026	100
3027	2027	100
3028	2028	100
3029	2029	100
3030	2030	100
3031	2031	100
3032	2032	100
3033	2033	100
3034	2034	100
3035	2035	100
3036	2036	100
3037	2037	100
3038	2038	100
3039	2039	100
3040	2040	100
3041	2041	100
3042	2042	100
3043	2043	100
3044	2044	100
3045	2045	100
3046	2046	100
3047	2047	100
3048	2048	100
3049	2049	100
3050	2050	100
3051	2051	100
3052	2052	100
3053	2053	100
3054	2054	100
3055	2055	100
3056	2056	100
3057	2057	100
3058	2058	100
3059	2059	100
3060	2060	100
3061	2061	100
3062	2062	100
3063	2063	100
3064	2064	100
3065	2065	100
3066	2066	100
3067	2067	100
3068	2068	100
3069	2069	100
3070	2070	100
3071	2071	100
3072	2072	100
3073	2073	100
3074	2074	100
3075	2075	100
3076	2076	100
3077	2077	100
3078	2078	100
555	55	100
3079	2079	100
3080	2080	100
3081	2081	100
3082	2082	100
3083	2083	100
3084	2084	100
3085	2085	100
3086	2086	100
3087	2087	100
3088	2088	100
3089	2089	100
3090	2090	100
3091	2091	100
3092	2092	100
3093	2093	100
3094	2094	100
3095	2095	100
3096	2096	100
3097	2097	100
3098	2098	100
3099	2099	100
3100	2100	100
3101	2101	100
3102	2102	100
3103	2103	100
3104	2104	100
3105	2105	100
3106	2106	100
3107	2107	100
3108	2108	100
3109	2109	100
3110	2110	100
3111	2111	100
3112	2112	100
3113	2113	100
3114	2114	100
3115	2115	100
3116	2116	100
3117	2117	100
3118	2118	100
3119	2119	100
3120	2120	100
3121	2121	100
3122	2122	100
3123	2123	100
3124	2124	100
3125	2125	100
3126	2126	100
3127	2127	100
3128	2128	100
3129	2129	100
3130	2130	100
3131	2131	100
3132	2132	100
3133	2133	100
3134	2134	100
3135	2135	100
3136	2136	100
3137	2137	100
3138	2138	100
3139	2139	100
3140	2140	100
3141	2141	100
3142	2142	100
3143	2143	100
3144	2144	100
3145	2145	100
3146	2146	100
3147	2147	100
3148	2148	100
3149	2149	100
3150	2150	100
3151	2151	100
3152	2152	100
3153	2153	100
3154	2154	100
#Wallenemy
9925	10026	100
9926	10027	100
9927	10028	100
#background
25	10001	100
#Enemy bullet	
6000	10002	100
#Enemy11 	
6001	8028	100	8029	100	8030	100	8031	100
#Enemy12
5000	3000	100	3001	100	3002	100	3003	100
#Enemy13
5001	3004	100	3005	100	3006	100	3007	100
#Enemy14
5002	3008	100	3009	100
#14item
5003	3010	100
#Bullet2
9117	9003	100	9004	100	9005	100
#BigJasonBack								
7001	700	100	701	100	702	100
#BigJasonFront								
7002	703	100	704	100	705	100
#BigJasonLeft								
7003	706	100	707	100	708	100
#BigJasonRight					
7004	709	100	710	100	711	100
#BigJasonDie								
7005	712	100	713	100	714	100	715	100
[ANIMATION_SETS]
#Wallenemy
9927	9925	9926	
9928	9925	9926	9927
#NocolliBrick
4001	3001
4002	3002
4003	3003
4004	3004
4005	3005
4006	3006
4007	3007
4008	3008
4009	3009
4010	3010
4011	3011
4012	3012
4013	3013
4014	3014
4015	3015
4016	3016
4017	3017
4018	3018
4019	3019
4020	3020
4021	3021
4022	3022
4023	3023
4024	3024
4025	3025
4026	3026
4027	3027
4028	3028
4029	3029
4030	3030
4031	3031
4032	3032
4033	3033
4034	3034
4035	3035
4036	3036
4037	3037
4038	3038
4039	3039
4040	3040
4041	3041
4042	3042
4043	3043
4044	3044
4045	3045
4046	3046
4047	3047
4048	3048
4049	3049
4050	3050
4051	3051
4052	3052
4053	3053
4054	3054
4055	3055
4056	3056
4057	3057
4058	3058
4059	3059
4060	3060
4061	3061
4062	3062
4063	3063
4064	3064
4065	3065
4066	3066
4067	3067
4068	3068
4069	3069
4070	3070
4071	3071
4072	3072
4073	3073
4074	3074
4075	3075
4076	3076
4077	3077
4078	3078
5555	555
4079	3079
4080	3080
4081	3081
4082	3082
4083	3083
4084	3084
4085	3085
4086	3086
4087	3087
4088	3088
4089	3089
4090	3090
4091	3091
4092	3092
4093	3093
4094	3094
4095	3095
4096	3096
4097	3097
4098	3098
4099	3099
4100	3100
4101	3101
4102	3102
4103	3103
4104	3104
4105	3105
4106	3106
4107	3107
4108	3108
4109	3109
4110	3110
4111	3111
4112	3112
4113	3113
4114	3114
4115	3115
4116	3116
4117	3117
4118	3118
4119	3119
4120	3120
4121	3121
4122	3122
4123	3123
4124	3124
4125	3125
4126	3126
4127	3127
4128	3128
4129	3129
4130	3130
4131	3131
4132	3132
4133	3133
4134	3134
4135	3135
4136	3136
4137	3137
4138	3138
4139	3139
4140	3140
4141	3141
4142	3142
4143	3143
4144	3144
4145	3145
4146	3146
4147	3147
4148	3148
4149	3149
4150	3150
4151	3151
4152	3152
4153	3153
4154	3154
#Enemy bullet	
11115	6000
#Enemy11	
11116	6001
#Enemy12
11111	5000
#Enemy13
11112	5001
#E14
11123	5002
#14item
11114	5002	5003
#12item
11124	5000	5003
#Enemy13item	
11121	5001	5003
#12item
11122	6001	5003
#Bullet2	
11120	9117
#Jason
6	7002	7001	7004	7003	7005
#BG
4	25
[OBJECTS]
#background
5	0	2000	4
#Jason
2	112	1912	6
#brick3
1002	32	1408	-1
1002	32	1392	-1
1002	32	1376	-1
1002	32	1360	-1
1002	32	1344	-1
1002	64	1424	-1
1002	64	1408	-1
1002	32	1424	-1
1002	96	1360	-1
1002	96	1344	-1
1002	176	1360	-1
1002	176	1344	-1
1002	160	1424	-1
1002	160	1408	-1
1002	160	1392	-1
1002	160	1376	-1
1002	32	1136	-1
1002	32	1120	-1
1002	96	1136	-1
1002	96	1120	-1
1002	96	1104	-1
1002	96	1088	-1
1002	128	1104	-1
1002	128	1088	-1
1002	160	1168	-1
1002	160	1152	-1
1002	160	1136	-1
1002	160	1120	-1
1002	192	1168	-1
1002	192	1152	-1
1002	192	880	-1
1002	192	864	-1
1002	64	880	-1
1002	64	864	-1
1002	96	912	-1
1002	96	896	-1
1002	96	880	-1
1002	96	864	-1
1002	96	848	-1
1002	96	832	-1
1002	128	880	-1
1002	128	864	-1
1002	192	880	-1
1002	192	864	-1
1002	160	176	-1
1002	160	160	-1
1002	160	144	-1
1002	160	128	-1
1002	160	112	-1
1002	160	96	-1
1002	64	176	-1
1002	64	160	-1
1002	64	144	-1
1002	64	128	-1
1002	64	112	-1
1002	64	96	-1
1002	96	112	-1
1002	96	96	-1
1002	320	176	-1
1002	320	160	-1
1002	320	144	-1
1002	320	128	-1
1002	320	112	-1
1002	320	96	-1
1002	352	112	-1
1002	368	112	-1
1002	384	112	-1
1002	400	112	-1
1002	416	112	-1
1002	432	112	-1
1002	416	176	-1
1002	416	160	-1
1002	384	368	-1
1002	384	352	-1
1002	320	368	-1
1002	320	352	-1
1002	448	368	-1
1002	448	352	-1
1002	320	368	-1
1002	320	352	-1
1002	384	368	-1
1002	384	352	-1
1002	448	368	-1
1002	448	352	-1
1002	416	432	-1
1002	416	416	-1
1002	352	432	-1
1002	352	416	-1
1002	288	432	-1
1002	288	416	-1
1002	384	496	-1
1002	384	480	-1
1002	448	496	-1
1002	448	480	-1
1002	320	496	-1
1002	320	480	-1
1002	288	560	-1
1002	288	544	-1
1002	352	560	-1
1002	352	544	-1
1002	416	560	-1
1002	416	544	-1
1002	288	688	-1
1002	288	672	-1
1002	288	656	-1
1002	288	640	-1
1002	288	624	-1
1002	288	608	-1
1002	320	688	-1
1002	320	672	-1
1002	320	656	-1
1002	320	640	-1
1002	320	624	-1
1002	320	608	-1
1002	352	656	-1
1002	352	640	-1
1002	352	624	-1
1002	352	608	-1
1002	384	624	-1
1002	400	624	-1
1002	416	624	-1
1002	432	624	-1
1002	96	1424	-1
1002	96	1408	-1
1002	128	1360	-1
1002	128	1344	-1
1002	208	1360	-1
1002	208	1344	-1
1002	192	1424	-1
1002	192	1408	-1
1002	192	1392	-1
1002	192	1376	-1
1002	160	1104	-1
1002	160	1088	-1
1002	112	1424	-1
1002	112	1408	-1
1002	144	1360	-1
1002	144	1344	-1
1002	208	1424	-1
1002	208	1408	-1
1002	208	1392	-1
1002	208	1376	-1
1002	176	1104	-1
1002	176	1088	-1
1002	160	1360	-1
1002	160	1344	-1
1002	48	1408	-1
1002	48	1392	-1
1002	48	1376	-1
1002	48	1360	-1
1002	48	1344	-1
1002	80	1424	-1
1002	80	1408	-1
1002	48	1424	-1
1002	112	1360	-1
1002	112	1344	-1
1002	192	1360	-1
1002	192	1344	-1
1002	176	1424	-1
1002	176	1408	-1
1002	176	1392	-1
1002	176	1376	-1
1002	48	1136	-1
1002	48	1120	-1
1002	112	1136	-1
1002	112	1120	-1
1002	112	1104	-1
1002	112	1088	-1
1002	144	1104	-1
1002	144	1088	-1
1002	176	1168	-1
1002	176	1152	-1
1002	176	1136	-1
1002	176	1120	-1
1002	208	1168	-1
1002	208	1152	-1
1002	208	880	-1
1002	208	864	-1
1002	80	880	-1
1002	80	864	-1
1002	112	912	-1
1002	112	896	-1
1002	112	880	-1
1002	112	864	-1
1002	112	848	-1
1002	112	832	-1
1002	144	880	-1
1002	144	864	-1
1002	208	880	-1
1002	208	864	-1
1002	176	176	-1
1002	176	160	-1
1002	176	144	-1
1002	176	128	-1
1002	176	112	-1
1002	176	96	-1
1002	80	176	-1
1002	80	160	-1
1002	80	144	-1
1002	80	128	-1
1002	80	112	-1
1002	80	96	-1
1002	144	112	-1
1002	144	96	-1
1002	336	176	-1
1002	336	160	-1
1002	336	144	-1
1002	336	128	-1
1002	336	112	-1
1002	336	96	-1
1002	352	96	-1
1002	368	96	-1
1002	384	96	-1
1002	400	96	-1
1002	416	96	-1
1002	432	96	-1
1002	432	176	-1
1002	432	160	-1
1002	400	368	-1
1002	400	352	-1
1002	336	368	-1
1002	336	352	-1
1002	464	368	-1
1002	464	352	-1
1002	336	368	-1
1002	336	352	-1
1002	400	368	-1
1002	400	352	-1
1002	464	368	-1
1002	464	352	-1
1002	432	432	-1
1002	432	416	-1
1002	368	432	-1
1002	368	416	-1
1002	304	432	-1
1002	304	416	-1
1002	400	496	-1
1002	400	480	-1
1002	464	496	-1
1002	464	480	-1
1002	336	496	-1
1002	336	480	-1
1002	304	560	-1
1002	304	544	-1
1002	368	560	-1
1002	368	544	-1
1002	432	560	-1
1002	432	544	-1
1002	304	688	-1
1002	304	672	-1
1002	304	656	-1
1002	304	640	-1
1002	304	624	-1
1002	304	608	-1
1002	336	688	-1
1002	336	672	-1
1002	336	656	-1
1002	336	640	-1
1002	336	624	-1
1002	336	608	-1
1002	368	656	-1
1002	368	640	-1
1002	368	624	-1
1002	368	608	-1
1002	384	608	-1
1002	400	608	-1
1002	416	608	-1
1002	432	608	-1
#Brick2
1001	0	2000	-1
1001	0	1984	-1
1001	0	1968	-1
1001	0	1952	-1
1001	0	1936	-1
1001	0	1920	-1
1001	0	1904	-1
1001	0	1888	-1
1001	0	1872	-1
1001	0	1856	-1
1001	0	1840	-1
1001	0	1824	-1
1001	0	1808	-1
1001	0	1792	-1
1001	0	1776	-1
1001	0	1760	-1
1001	0	1744	-1
1001	0	1728	-1
1001	0	1712	-1
1001	0	1696	-1
1001	0	1680	-1
1001	0	1664	-1
1001	0	1648	-1
1001	0	1632	-1
1001	0	1616	-1
1001	0	1600	-1
1001	0	1584	-1
1001	0	1568	-1
1001	0	1552	-1
1001	0	1536	-1
1001	0	1520	-1
1001	0	1504	-1
1001	0	1488	-1
1001	0	1472	-1
1001	0	1456	-1
1001	0	1440	-1
1001	0	1424	-1
1001	0	1408	-1
1001	0	1392	-1
1001	0	1376	-1
1001	0	1360	-1
1001	0	1344	-1
1001	0	1328	-1
1001	0	1312	-1
1001	0	1296	-1
1001	0	1280	-1
1001	0	1264	-1
1001	0	1248	-1
1001	0	1232	-1
1001	0	1216	-1
1001	0	1200	-1
1001	0	1184	-1
1001	0	1168	-1
1001	0	1152	-1
1001	0	1136	-1
1001	0	1120	-1
1001	0	1104	-1
1001	0	1088	-1
1001	0	1072	-1
1001	0	1056	-1
1001	0	1040	-1
1001	0	1024	-1
1001	0	1008	-1
1001	0	992	-1
1001	0	976	-1
1001	0	960	-1
1001	0	944	-1
1001	0	928	-1
1001	0	912	-1
1001	0	896	-1
1001	0	880	-1
1001	0	864	-1
1001	0	848	-1
1001	0	832	-1
1001	0	816	-1
1001	0	800	-1
1001	0	784	-1
1001	0	768	-1
1001	0	752	-1
1001	0	736	-1
1001	0	720	-1
1001	0	704	-1
1001	0	688	-1
1001	0	672	-1
1001	0	656	-1
1001	0	640	-1
1001	0	624	-1
1001	0	608	-1
1001	0	592	-1
1001	0	576	-1
1001	0	560	-1
1001	0	544	-1
1001	0	528	-1
1001	0	512	-1
1001	0	496	-1
1001	0	480	-1
1001	0	464	-1
1001	0	448	-1
1001	0	432	-1
1001	0	416	-1
1001	0	400	-1
1001	0	384	-1
1001	0	368	-1
1001	0	352	-1
1001	0	336	-1
1001	0	320	-1
1001	0	304	-1
1001	0	288	-1
1001	0	272	-1
1001	0	256	-1
1001	0	240	-1
1001	0	224	-1
1001	0	208	-1
1001	0	192	-1
1001	0	176	-1
1001	0	160	-1
1001	0	144	-1
1001	0	128	-1
1001	0	112	-1
1001	0	96	-1
1001	0	80	-1
1001	0	64	-1
1001	0	48	-1
1001	0	32	-1
1001	0	16	-1
1001	0	0	-1
1001	16	2000	-1
1001	16	1984	-1
1001	16	1664	-1
1001	16	1648	-1
1001	16	1632	-1
1001	16	1616	-1
1001	16	1600	-1
1001	16	1584	-1
1001	16	1568	-1
1001	16	1552	-1
1001	16	1536	-1
1001	16	1520	-1
1001	16	1504	-1
1001	16	1488	-1
1001	16	1472	-1
1001	16	1456	-1
1001	16	1440	-1
1001	16	1424	-1
1001	16	1408	-1
1001	16	1392	-1
1001	16	1376	-1
1001	16	1360	-1
1001	16	1344	-1
1001	16	1328	-1
1001	16	1312	-1
1001	16	1296	-1
1001	16	1280	-1
1001	16	1264	-1
1001	16	1248	-1
1001	16	1232	-1
1001	16	1216	-1
1001	16	1200	-1
1001	16	1184	-1
1001	16	1168	-1
1001	16	1152	-1
1001	16	1136	-1
1001	16	1120	-1
1001	16	1104	-1
1001	16	1088	-1
1001	16	1072	-1
1001	16	1056	-1
1001	16	1040	-1
1001	16	1024	-1
1001	16	1008	-1
1001	16	992	-1
1001	16	976	-1
1001	16	960	-1
1001	16	944	-1
1001	16	928	-1
1001	16	912	-1
1001	16	896	-1
1001	16	880	-1
1001	16	864	-1
1001	16	848	-1
1001	16	832	-1
1001	16	816	-1
1001	16	800	-1
1001	16	784	-1
1001	16	768	-1
1001	16	752	-1
1001	16	736	-1
1001	16	720	-1
1001	16	704	-1
1001	16	688	-1
1001	16	672	-1
1001	16	656	-1
1001	16	640	-1
1001	16	624	-1
1001	16	608	-1
1001	16	592	-1
1001	16	576	-1
1001	16	560	-1
1001	16	544	-1
1001	16	528	-1
1001	16	512	-1
1001	16	496	-1
1001	16	480	-1
1001	16	464	-1
1001	16	448	-1
1001	16	432	-1
1001	16	416	-1
1001	16	400	-1
1001	16	384	-1
1001	16	368	-1
1001	16	352	-1
1001	16	336	-1
1001	16	320	-1
1001	16	304	-1
1001	16	288	-1
1001	16	272	-1
1001	16	256	-1
1001	16	240	-1
1001	16	224	-1
1001	16	208	-1
1001	16	192	-1
1001	16	176	-1
1001	16	160	-1
1001	16	144	-1
1001	16	128	-1
1001	16	112	-1
1001	16	96	-1
1001	16	80	-1
1001	16	64	-1
1001	16	48	-1
1001	16	32	-1
1001	16	16	-1
1001	16	0	-1
1001	32	2000	-1
1001	32	1984	-1
1001	32	1664	-1
1001	32	1648	-1
1001	32	1632	-1
1001	32	1616	-1
1001	32	1424	-1
1001	32	1408	-1
1001	32	1392	-1
1001	32	1376	-1
1001	32	1360	-1
1001	32	1344	-1
1001	32	1280	-1
1001	32	1264	-1
1001	32	1248	-1
1001	32	1232	-1
1001	32	1136	-1
1001	32	1120	-1
1001	32	1024	-1
1001	32	1008	-1
1001	32	992	-1
1001	32	976	-1
1001	32	496	-1
1001	32	480	-1
1001	32	464	-1
1001	32	272	-1
1001	32	256	-1
1001	32	240	-1
1001	32	224	-1
1001	32	208	-1
1001	32	16	-1
1001	32	0	-1
1001	48	2000	-1
1001	48	1984	-1
1001	48	16	-1
1001	48	0	-1
1001	64	2000	-1
1001	64	1984	-1
1001	64	16	-1
1001	64	0	-1
1001	80	2000	-1
1001	80	1984	-1
1001	80	16	-1
1001	80	0	-1
1001	96	2000	-1
1001	96	1984	-1
1001	96	16	-1
1001	96	0	-1
1001	112	2000	-1
1001	112	1984	-1
1001	112	16	-1
1001	112	0	-1
1001	128	2000	-1
1001	128	1984	-1
1001	128	16	-1
1001	128	0	-1
1001	144	2000	-1
1001	144	1984	-1
1001	144	16	-1
1001	144	0	-1
1001	160	2000	-1
1001	160	1984	-1
1001	160	16	-1
1001	160	0	-1
1001	176	2000	-1
1001	176	1984	-1
1001	176	16	-1
1001	176	0	-1
1001	192	2000	-1
1001	192	1984	-1
1001	192	16	-1
1001	192	0	-1
1001	208	2000	-1
1001	208	1984	-1
1001	208	16	-1
1001	208	0	-1
1001	224	2000	-1
1001	224	1984	-1
1001	224	1968	-1
1001	224	1952	-1
1001	224	1936	-1
1001	224	1920	-1
1001	224	1904	-1
1001	224	1888	-1
1001	224	1872	-1
1001	224	1856	-1
1001	224	1840	-1
1001	224	1824	-1
1001	224	1808	-1
1001	224	1792	-1
1001	224	1776	-1
1001	224	1760	-1
1001	224	1744	-1
1001	224	1728	-1
1001	224	1712	-1
1001	224	1696	-1
1001	224	1680	-1
1001	224	1664	-1
1001	224	1648	-1
1001	224	1632	-1
1001	224	1616	-1
1001	224	1600	-1
1001	224	1584	-1
1001	224	1568	-1
1001	224	1552	-1
1001	224	1536	-1
1001	224	1520	-1
1001	224	1504	-1
1001	224	1488	-1
1001	224	1472	-1
1001	224	1456	-1
1001	224	1440	-1
1001	224	1424	-1
1001	224	1408	-1
1001	224	1392	-1
1001	224	1376	-1
1001	224	1360	-1
1001	224	1344	-1
1001	224	1328	-1
1001	224	1312	-1
1001	224	1296	-1
1001	224	1280	-1
1001	224	1264	-1
1001	224	1248	-1
1001	224	1232	-1
1001	224	1216	-1
1001	224	1200	-1
1001	224	1184	-1
1001	224	1168	-1
1001	224	1152	-1
1001	224	1136	-1
1001	224	1120	-1
1001	224	1104	-1
1001	224	1088	-1
1001	224	1072	-1
1001	224	1056	-1
1001	224	1040	-1
1001	224	1024	-1
1001	224	1008	-1
1001	224	992	-1
1001	224	976	-1
1001	224	960	-1
1001	224	944	-1
1001	224	928	-1
1001	224	912	-1
1001	224	896	-1
1001	224	880	-1
1001	224	864	-1
1001	224	848	-1
1001	224	832	-1
1001	224	816	-1
1001	224	800	-1
1001	224	784	-1
1001	224	768	-1
1001	224	752	-1
1001	224	736	-1
1001	224	720	-1
1001	224	704	-1
1001	224	688	-1
1001	224	672	-1
1001	224	656	-1
1001	224	640	-1
1001	224	624	-1
1001	224	608	-1
1001	224	592	-1
1001	224	576	-1
1001	224	560	-1
1001	224	544	-1
1001	224	528	-1
1001	224	512	-1
1001	224	496	-1
1001	224	480	-1
1001	224	464	-1
1001	224	448	-1
1001	224	432	-1
1001	224	416	-1
1001	224	400	-1
1001	224	384	-1
1001	224	368	-1
1001	224	352	-1
1001	224	336	-1
1001	224	320	-1
1001	224	304	-1
1001	224	288	-1
1001	224	272	-1
1001	224	256	-1
1001	224	240	-1
1001	224	224	-1
1001	224	208	-1
1001	224	192	-1
1001	224	176	-1
1001	224	160	-1
1001	224	144	-1
1001	224	128	-1
1001	224	112	-1
1001	224	96	-1
1001	224	80	-1
1001	224	16	-1
1001	224	0	-1
1001	240	2000	-1
1001	240	1984	-1
1001	240	1968	-1
1001	240	1952	-1
1001	240	1936	-1
1001	240	1920	-1
1001	240	1904	-1
1001	240	1888	-1
1001	240	1872	-1
1001	240	1856	-1
1001	240	1840	-1
1001	240	1824	-1
1001	240	1808	-1
1001	240	1792	-1
1001	240	1776	-1
1001	240	1760	-1
1001	240	1744	-1
1001	240	1728	-1
1001	240	1712	-1
1001	240	1696	-1
1001	240	1680	-1
1001	240	1664	-1
1001	240	1648	-1
1001	240	1632	-1
1001	240	1616	-1
1001	240	1600	-1
1001	240	1584	-1
1001	240	1568	-1
1001	240	1552	-1
1001	240	1536	-1
1001	240	1520	-1
1001	240	1504	-1
1001	240	1488	-1
1001	240	1472	-1
1001	240	1456	-1
1001	240	1440	-1
1001	240	1424	-1
1001	240	1408	-1
1001	240	1392	-1
1001	240	1376	-1
1001	240	1360	-1
1001	240	1344	-1
1001	240	1328	-1
1001	240	1312	-1
1001	240	1296	-1
1001	240	1280	-1
1001	240	1264	-1
1001	240	1248	-1
1001	240	1232	-1
1001	240	1216	-1
1001	240	1200	-1
1001	240	1184	-1
1001	240	1168	-1
1001	240	1152	-1
1001	240	1136	-1
1001	240	1120	-1
1001	240	1104	-1
1001	240	1088	-1
1001	240	1072	-1
1001	240	1056	-1
1001	240	1040	-1
1001	240	1024	-1
1001	240	1008	-1
1001	240	992	-1
1001	240	976	-1
1001	240	960	-1
1001	240	944	-1
1001	240	928	-1
1001	240	912	-1
1001	240	896	-1
1001	240	880	-1
1001	240	864	-1
1001	240	848	-1
1001	240	832	-1
1001	240	816	-1
1001	240	800	-1
1001	240	784	-1
1001	240	768	-1
1001	240	752	-1
1001	240	736	-1
1001	240	720	-1
1001	240	704	-1
1001	240	688	-1
1001	240	672	-1
1001	240	656	-1
1001	240	640	-1
1001	240	624	-1
1001	240	608	-1
1001	240	592	-1
1001	240	576	-1
1001	240	560	-1
1001	240	544	-1
1001	240	528	-1
1001	240	512	-1
1001	240	496	-1
1001	240	480	-1
1001	240	464	-1
1001	240	448	-1
1001	240	432	-1
1001	240	416	-1
1001	240	400	-1
1001	240	384	-1
1001	240	368	-1
1001	240	352	-1
1001	240	336	-1
1001	240	320	-1
1001	240	304	-1
1001	240	288	-1
1001	240	272	-1
1001	240	256	-1
1001	240	240	-1
1001	240	224	-1
1001	240	208	-1
1001	240	192	-1
1001	240	176	-1
1001	240	160	-1
1001	240	144	-1
1001	240	128	-1
1001	240	112	-1
1001	240	96	-1
1001	240	80	-1
1001	240	16	-1
1001	240	0	-1
1001	256	960	-1
1001	256	944	-1
1001	256	928	-1
1001	256	912	-1
1001	256	896	-1
1001	256	880	-1
1001	256	864	-1
1001	256	848	-1
1001	256	832	-1
1001	256	816	-1
1001	256	800	-1
1001	256	784	-1
1001	256	768	-1
1001	256	752	-1
1001	256	736	-1
1001	256	720	-1
1001	256	704	-1
1001	256	688	-1
1001	256	672	-1
1001	256	656	-1
1001	256	640	-1
1001	256	624	-1
1001	256	608	-1
1001	256	592	-1
1001	256	576	-1
1001	256	560	-1
1001	256	544	-1
1001	256	528	-1
1001	256	512	-1
1001	256	496	-1
1001	256	480	-1
1001	256	464	-1
1001	256	448	-1
1001	256	432	-1
1001	256	416	-1
1001	256	400	-1
1001	256	384	-1
1001	256	368	-1
1001	256	352	-1
1001	256	336	-1
1001	256	320	-1
1001	256	304	-1
1001	256	288	-1
1001	256	272	-1
1001	256	256	-1
1001	256	240	-1
1001	256	224	-1
1001	256	208	-1
1001	256	192	-1
1001	256	176	-1
1001	256	160	-1
1001	256	144	-1
1001	256	128	-1
1001	256	112	-1
1001	256	96	-1
1001	256	80	-1
1001	256	16	-1
1001	256	0	-1
1001	272	960	-1
1001	272	944	-1
1001	272	928	-1
1001	272	912	-1
1001	272	896	-1
1001	272	880	-1
1001	272	864	-1
1001	272	848	-1
1001	272	832	-1
1001	272	816	-1
1001	272	800	-1
1001	272	784	-1
1001	272	768	-1
1001	272	752	-1
1001	272	736	-1
1001	272	720	-1
1001	272	704	-1
1001	272	688	-1
1001	272	672	-1
1001	272	656	-1
1001	272	640	-1
1001	272	624	-1
1001	272	608	-1
1001	272	592	-1
1001	272	576	-1
1001	272	560	-1
1001	272	544	-1
1001	272	528	-1
1001	272	512	-1
1001	272	496	-1
1001	272	480	-1
1001	272	464	-1
1001	272	448	-1
1001	272	432	-1
1001	272	416	-1
1001	272	400	-1
1001	272	384	-1
1001	272	368	-1
1001	272	352	-1
1001	272	336	-1
1001	272	320	-1
1001	272	304	-1
1001	272	288	-1
1001	272	272	-1
1001	272	256	-1
1001	272	240	-1
1001	272	224	-1
1001	272	208	-1
1001	272	192	-1
1001	272	176	-1
1001	272	160	-1
1001	272	144	-1
1001	272	128	-1
1001	272	112	-1
1001	272	96	-1
1001	272	80	-1
1001	272	16	-1
1001	272	0	-1
1001	288	960	-1
1001	288	16	-1
1001	288	0	-1
1001	304	960	-1
1001	304	16	-1
1001	304	0	-1
1001	320	960	-1
1001	320	16	-1
1001	320	0	-1
1001	336	960	-1
1001	336	16	-1
1001	336	0	-1
1001	352	960	-1
1001	352	16	-1
1001	352	0	-1
1001	368	960	-1
1001	368	16	-1
1001	368	0	-1
1001	384	960	-1
1001	384	16	-1
1001	384	0	-1
1001	400	960	-1
1001	400	16	-1
1001	400	0	-1
1001	416	960	-1
1001	416	16	-1
1001	416	0	-1
1001	432	960	-1
1001	432	16	-1
1001	432	0	-1
1001	448	960	-1
1001	448	16	-1
1001	448	0	-1
1001	464	960	-1
1001	464	16	-1
1001	464	0	-1
1001	480	960	-1
1001	480	944	-1
1001	480	928	-1
1001	480	912	-1
1001	480	896	-1
1001	480	880	-1
1001	480	864	-1
1001	480	848	-1
1001	480	832	-1
1001	480	816	-1
1001	480	800	-1
1001	480	784	-1
1001	480	768	-1
1001	480	752	-1
1001	480	736	-1
1001	480	720	-1
1001	480	704	-1
1001	480	688	-1
1001	480	672	-1
1001	480	656	-1
1001	480	640	-1
1001	480	624	-1
1001	480	608	-1
1001	480	592	-1
1001	480	576	-1
1001	480	560	-1
1001	480	544	-1
1001	480	528	-1
1001	480	512	-1
1001	480	496	-1
1001	480	480	-1
1001	480	464	-1
1001	480	448	-1
1001	480	432	-1
1001	480	416	-1
1001	480	400	-1
1001	480	384	-1
1001	480	368	-1
1001	480	352	-1
1001	480	336	-1
1001	480	320	-1
1001	480	304	-1
1001	480	288	-1
1001	480	272	-1
1001	480	256	-1
1001	480	240	-1
1001	480	224	-1
1001	480	208	-1
1001	480	192	-1
1001	480	176	-1
1001	480	160	-1
1001	480	144	-1
1001	480	128	-1
1001	480	112	-1
1001	480	96	-1
1001	480	80	-1
1001	480	64	-1
1001	480	48	-1
1001	480	32	-1
1001	480	16	-1
1001	480	0	-1
1001	496	960	-1
1001	496	944	-1
1001	496	928	-1
1001	496	912	-1
1001	496	896	-1
1001	496	880	-1
1001	496	864	-1
1001	496	848	-1
1001	496	832	-1
1001	496	816	-1
1001	496	800	-1
1001	496	784	-1
1001	496	768	-1
1001	496	752	-1
1001	496	736	-1
1001	496	720	-1
1001	496	704	-1
1001	496	688	-1
1001	496	672	-1
1001	496	656	-1
1001	496	640	-1
1001	496	624	-1
1001	496	608	-1
1001	496	592	-1
1001	496	576	-1
1001	496	560	-1
1001	496	544	-1
1001	496	528	-1
1001	496	512	-1
1001	496	496	-1
1001	496	480	-1
1001	496	464	-1
1001	496	448	-1
1001	496	432	-1
1001	496	416	-1
1001	496	400	-1
1001	496	384	-1
1001	496	368	-1
1001	496	352	-1
1001	496	336	-1
1001	496	320	-1
1001	496	304	-1
1001	496	288	-1
1001	496	272	-1
1001	496	256	-1
1001	496	240	-1
1001	496	224	-1
1001	496	208	-1
1001	496	192	-1
1001	496	176	-1
1001	496	160	-1
1001	496	144	-1
1001	496	128	-1
1001	496	112	-1
1001	496	96	-1
1001	496	80	-1
1001	496	64	-1
1001	496	48	-1
1001	496	32	-1
1001	496	16	-1
1001	496	0	-1
1001	48	1664	-1
1001	48	1648	-1
1001	48	1632	-1
1001	48	1616	-1
1001	48	1280	-1
1001	48	1264	-1
1001	48	1248	-1
1001	48	1232	-1
1001	48	1024	-1
1001	48	1008	-1
1001	48	992	-1
1001	48	976	-1
1001	48	496	-1
1001	48	480	-1
1001	48	464	-1
1001	48	256	-1
1001	48	240	-1
1001	48	224	-1
1001	48	208	-1
1001	288	784	-1
1001	288	768	-1
1001	288	752	-1
1001	288	736	-1
1001	288	720	-1
1001	288	704	-1
1001	288	256	-1
1001	288	240	-1
1001	288	224	-1
1001	288	208	-1
1001	288	192	-1
1001	64	1664	-1
1001	64	1648	-1
1001	64	1632	-1
1001	64	1616	-1
1001	64	1280	-1
1001	64	1264	-1
1001	64	1248	-1
1001	64	1232	-1
1001	64	1024	-1
1001	64	1008	-1
1001	64	992	-1
1001	64	976	-1
1001	64	496	-1
1001	64	480	-1
1001	64	464	-1
1001	64	256	-1
1001	64	240	-1
1001	64	224	-1
1001	64	208	-1
1001	64	192	-1
1001	304	784	-1
1001	304	768	-1
1001	304	752	-1
1001	304	736	-1
1001	304	720	-1
1001	304	704	-1
1001	304	256	-1
1001	304	240	-1
1001	304	224	-1
1001	304	208	-1
1001	304	192	-1
1001	80	1664	-1
1001	80	1648	-1
1001	80	1632	-1
1001	80	1616	-1
1001	80	1232	-1
1001	80	1024	-1
1001	80	1008	-1
1001	80	992	-1
1001	80	976	-1
1001	80	496	-1
1001	80	480	-1
1001	80	464	-1
1001	80	256	-1
1001	80	240	-1
1001	80	224	-1
1001	80	208	-1
1001	80	192	-1
1001	320	784	-1
1001	320	768	-1
1001	320	752	-1
1001	320	736	-1
1001	320	720	-1
1001	320	704	-1
1001	320	256	-1
1001	320	240	-1
1001	320	224	-1
1001	320	208	-1
1001	320	192	-1
1001	96	1952	-1
1001	96	1936	-1
1001	96	1920	-1
1001	96	1744	-1
1001	96	1664	-1
1001	96	1648	-1
1001	96	1632	-1
1001	96	1616	-1
1001	96	1488	-1
1001	96	1024	-1
1001	96	1008	-1
1001	96	992	-1
1001	96	976	-1
1001	96	720	-1
1001	96	496	-1
1001	96	480	-1
1001	96	464	-1
1001	96	368	-1
1001	96	352	-1
1001	96	336	-1
1001	96	256	-1
1001	96	240	-1
1001	96	224	-1
1001	96	208	-1
1001	96	192	-1
1001	336	784	-1
1001	336	768	-1
1001	336	752	-1
1001	336	736	-1
1001	336	720	-1
1001	336	704	-1
1001	336	256	-1
1001	336	240	-1
1001	336	224	-1
1001	336	208	-1
1001	336	192	-1
1001	112	1952	-1
1001	112	1936	-1
1001	112	1920	-1
1001	112	1792	-1
1001	112	1776	-1
1001	112	1760	-1
1001	112	1744	-1
1001	112	1664	-1
1001	112	1648	-1
1001	112	1632	-1
1001	112	1616	-1
1001	112	1536	-1
1001	112	1520	-1
1001	112	1504	-1
1001	112	1488	-1
1001	112	1024	-1
1001	112	1008	-1
1001	112	992	-1
1001	112	976	-1
1001	112	768	-1
1001	112	752	-1
1001	112	736	-1
1001	112	720	-1
1001	112	496	-1
1001	112	480	-1
1001	112	464	-1
1001	112	368	-1
1001	112	352	-1
1001	112	336	-1
1001	352	784	-1
1001	352	768	-1
1001	352	752	-1
1001	352	736	-1
1001	352	720	-1
1001	352	256	-1
1001	352	240	-1
1001	352	224	-1
1001	352	208	-1
1001	352	192	-1
1001	128	1952	-1
1001	128	1936	-1
1001	128	1920	-1
1001	128	1792	-1
1001	128	1776	-1
1001	128	1760	-1
1001	128	1744	-1
1001	128	1664	-1
1001	128	1648	-1
1001	128	1632	-1
1001	128	1616	-1
1001	128	1536	-1
1001	128	1520	-1
1001	128	1504	-1
1001	128	1488	-1
1001	128	1024	-1
1001	128	1008	-1
1001	128	992	-1
1001	128	976	-1
1001	128	768	-1
1001	128	752	-1
1001	128	736	-1
1001	128	720	-1
1001	128	496	-1
1001	128	480	-1
1001	128	464	-1
1001	128	368	-1
1001	128	352	-1
1001	128	336	-1
1001	144	1792	-1
1001	144	1776	-1
1001	144	1760	-1
1001	144	1744	-1
1001	144	1616	-1
1001	144	1536	-1
1001	144	1520	-1
1001	144	1504	-1
1001	144	1488	-1
1001	144	976	-1
1001	144	768	-1
1001	144	752	-1
1001	144	736	-1
1001	144	720	-1
1001	144	464	-1
1001	144	368	-1
1001	144	352	-1
1001	144	336	-1
1001	144	256	-1
1001	144	240	-1
1001	144	224	-1
1001	144	208	-1
1001	144	192	-1
1001	160	1792	-1
1001	160	1776	-1
1001	160	1760	-1
1001	160	1744	-1
1001	160	1536	-1
1001	160	1520	-1
1001	160	1504	-1
1001	160	1488	-1
1001	160	1232	-1
1001	160	768	-1
1001	160	752	-1
1001	160	736	-1
1001	160	720	-1
1001	160	368	-1
1001	160	352	-1
1001	160	336	-1
1001	160	256	-1
1001	160	240	-1
1001	160	224	-1
1001	160	208	-1
1001	160	192	-1
1001	400	784	-1
1001	400	768	-1
1001	400	752	-1
1001	400	736	-1
1001	400	720	-1
1001	400	256	-1
1001	400	240	-1
1001	400	224	-1
1001	400	208	-1
1001	400	192	-1
1001	176	1792	-1
1001	176	1776	-1
1001	176	1760	-1
1001	176	1744	-1
1001	176	1536	-1
1001	176	1520	-1
1001	176	1504	-1
1001	176	1488	-1
1001	176	1280	-1
1001	176	1264	-1
1001	176	1248	-1
1001	176	1232	-1
1001	176	768	-1
1001	176	752	-1
1001	176	736	-1
1001	176	720	-1
1001	176	368	-1
1001	176	352	-1
1001	176	336	-1
1001	176	256	-1
1001	176	240	-1
1001	176	224	-1
1001	176	208	-1
1001	176	192	-1
1001	416	784	-1
1001	416	768	-1
1001	416	752	-1
1001	416	736	-1
1001	416	720	-1
1001	416	256	-1
1001	416	240	-1
1001	416	224	-1
1001	416	208	-1
1001	416	192	-1
1001	192	1792	-1
1001	192	1776	-1
1001	192	1760	-1
1001	192	1744	-1
1001	192	1536	-1
1001	192	1520	-1
1001	192	1504	-1
1001	192	1488	-1
1001	192	1280	-1
1001	192	1264	-1
1001	192	1248	-1
1001	192	1232	-1
1001	192	768	-1
1001	192	752	-1
1001	192	736	-1
1001	192	720	-1
1001	192	368	-1
1001	192	352	-1
1001	192	336	-1
1001	192	256	-1
1001	192	240	-1
1001	192	224	-1
1001	192	208	-1
1001	192	192	-1
1001	432	784	-1
1001	432	768	-1
1001	432	752	-1
1001	432	736	-1
1001	432	720	-1
1001	432	256	-1
1001	432	240	-1
1001	432	224	-1
1001	432	208	-1
1001	432	192	-1
1001	208	1792	-1
1001	208	1776	-1
1001	208	1760	-1
1001	208	1744	-1
1001	208	1536	-1
1001	208	1520	-1
1001	208	1504	-1
1001	208	1488	-1
1001	208	1280	-1
1001	208	1264	-1
1001	208	1248	-1
1001	208	1232	-1
1001	208	768	-1
1001	208	752	-1
1001	208	736	-1
1001	208	720	-1
1001	208	368	-1
1001	208	352	-1
1001	208	336	-1
1001	208	256	-1
1001	208	240	-1
1001	208	224	-1
1001	208	208	-1
1001	208	192	-1
1001	448	784	-1
1001	448	768	-1
1001	448	752	-1
1001	448	736	-1
1001	448	720	-1
1001	448	256	-1
1001	448	240	-1
1001	448	224	-1
1001	448	208	-1
1001	448	192	-1
1001	464	784	-1
1001	464	768	-1
1001	464	752	-1
1001	464	736	-1
1001	464	720	-1
1001	464	256	-1
1001	464	240	-1
1001	464	224	-1
1001	464	208	-1
1001	464	192	-1
#NocollideBrick
1003	370	272	4001
1003	370	256	4002
1003	370	240	4003
1003	370	224	4004
1003	370	784	4008
1003	370	768	4009
1003	370	752	4010
1003	370	736	4011
1003	370	720	4012
1003	114	272	4013
1003	114	256	4014
1003	114	240	4015
1003	114	224	4016
1003	114	208	4017
1003	386	272	4020
1003	386	256	4021
1003	386	240	4022
1003	386	224	4023
1003	386	784	4027
1003	386	768	4028
1003	386	752	4029
1003	386	736	4030
1003	386	720	4031
1003	130	272	4032
1003	130	256	4033
1003	130	240	4034
1003	130	224	4035
1003	130	208	4036
1003	32	272	4039
1003	144	272	4040
1003	96	400	4041
1003	96	384	4042
1003	32	528	4043
1003	32	512	4044
1003	144	496	4045
1003	144	480	4046
1003	288	272	4047
1003	400	272	4048
1003	96	784	4049
1003	96	768	4050
1003	96	752	4051
1003	96	736	4052
1003	144	1040	4053
1003	144	1024	4054
1003	144	1008	4055
1003	144	992	4056
1003	32	1040	4057
1003	80	1296	4058
1003	80	1280	4059
1003	80	1264	4060
1003	80	1248	4061
1003	32	1296	4062
1003	160	1296	4063
1003	160	1280	4064
1003	160	1264	4065
1003	160	1248	4066
1003	176	1296	4067
1003	96	1552	4068
1003	96	1536	4069
1003	96	1520	4070
1003	96	1504	4071
1003	112	1552	4072
1003	144	1680	4073
1003	144	1664	4074
1003	144	1648	4075
1003	144	1632	4076
1003	32	1680	4077
1003	96	1808	4078
1003	96	1792	4079
1003	96	1776	4080
1003	96	1760	4081
1003	48	272	4082
1003	160	272	4083
1003	112	400	4084
1003	112	384	4085
1003	48	528	4086
1003	48	512	4087
1003	304	272	4088
1003	416	272	4089
1003	112	784	4090
1003	48	1040	4091
1003	48	1296	4092
1003	192	1296	4093
1003	128	1552	4094
1003	48	1680	4095
1003	64	272	4096
1003	176	272	4097
1003	128	400	4098
1003	128	384	4099
1003	64	528	4100
1003	64	512	4101
1003	320	272	4102
1003	432	272	4103
1003	128	784	4104
1003	64	1040	4105
1003	64	1296	4106
1003	208	1296	4107
1003	144	1552	4108
1003	64	1680	4109
1003	80	272	4110
1003	192	272	4111
1003	144	400	4112
1003	144	384	4113
1003	80	528	4114
1003	80	512	4115
1003	336	272	4116
1003	448	272	4117
1003	144	784	4118
1003	80	1040	4119
1003	160	1552	4120
1003	80	1680	4121
1003	96	272	4122
1003	208	272	4123
1003	160	400	4124
1003	160	384	4125
1003	96	528	4126
1003	96	512	4127
1003	352	272	4128
1003	464	272	4129
1003	160	784	4130
1003	96	1040	4131
1003	176	1552	4132
1003	96	1680	4133
1003	176	400	4134
1003	176	384	4135
1003	112	528	4136
1003	112	512	4137
1003	176	784	4138
1003	112	1040	4139
1003	192	1552	4140
1003	112	1680	4141
1003	192	400	4142
1003	192	384	4143
1003	128	528	4144
1003	128	512	4145
1003	192	784	4146
1003	128	1040	4147
1003	208	1552	4148
1003	128	1680	4149
1003	208	400	4150
1003	208	384	4151
1003	144	528	4152
1003	144	512	4153
1003	208	784	4154
#Enemy13-ngang	
19	180	156	11112
#bullet
14	0	0	11120
#enemy bullet
23	0	0	11115
#enemy
19	285	350	11112
19	463	410	11121
19	283	483	11112
19	459	160	11123
21	302	80	11116
21	442	294	11111
21	32	1328	11116
21	70	1373	11116
21	133	584	11116
21	100	45	11122
22	382	80	11111
22	444	630	11116
#22	47	1763	11116
22	61	1543	11116
22	199	1674	11111
22	202	1461	11111
22	163	1201	11124
22	70	1098	11122
22	66	940	11122
22	186	809	11111
22	55	663	11116
22	75	683	11116
22	61	680	11116
22	41	434	11111
22	41	309	11111
22	80	45	11124
20	459	160	11114