[TEXTURES]
0	textures\tank.png	255	255	255

[SPRITES]
# stand + moving right
50000	146	5	172	23	0
50001	178	5	204	23	0
50002	211	5	237	23	0
50003	242	5	268	23	0
# stand + moving left
50010	109	5	135	23	0
50011	77	5	103	23	0
50012	44	5	70	23	0
50013	12	5	39	23	0
# crouch right
50100	146	30	172	47	0
50101	178	30	204	47	0
50102	211	30	237	47	0
50103	243	30	269	47	0
# crouch left
50110	109	30	135	47	0
50111	77	30	103	47	0
50112	45	30	71	47	0
50113	12	30	38	47	0
# ani_id	sprite1_id	time1	sprite2_id	time2	...
[ANIMATIONS]
#idle right
500	50000	100	50001	100	50002	100	50003	100
#idle left
501	50010	100	50011	100	50012	100	50013	100
#moving right 
510	50000	30	50001	30	50002	30	50003	30	50100	30	50101	30	50102	30	50103	30
#moving left 
511	50010	30	50011	30	50012	30	50013	30	50110	30	50111	30
[ANIMATION_SETS]
#tank
0	500	501	510	511
1	500	501
[OBJECTS]
#tank
0	0	115	0
#lan
2	0	2	1
#brick
1	0	150	-1	500	16







